<?php
//for文の基本
for($i=1;$i<=3;$i++){
	print "{$i}ループでござる！！！<br>";
}
/*結果：
1ループでござる！！！
2ループでござる！！！
3ループでござる！！！*/
//カンマ使って上記を1行ですませてみる(結果は上記と同じ)
for($i=1;$i<=3;print "{$i}ループでござる！！！<br>",$i++);
//カンマ使って初期化式を２つにしてみる
for($i=1,$j=1;$i<=3;$i++,$j++){
	$result = $i * $j;
	print "{$i} × {$j} = {$result}<br> ";
}
/*結果：
1 × 1 = 1
2 × 2 = 4
3 × 3 = 9*/
//forの入れ子構造(九九表)
for($a=1;$a<=9;$a++){
	for($b=1;$b<=9;$b++){
		$result = $a * $b;
		print $result . " ";
	}
	print "<br>";
}
/*結果
1 2 3 4 5 6 7 8 9 
2 4 6 8 10 12 14 16 18 
3 6 9 12 15 18 21 24 27 
4 8 12 16 20 24 28 32 36 
5 10 15 20 25 30 35 40 45 
6 12 18 24 30 36 42 48 54 
7 14 21 28 35 42 49 56 63 
8 16 24 32 40 48 56 64 72 
9 18 27 36 45 54 63 72 81*/